================================
1	2
================================
3	4
================================
5	6
================================
7	8
7	82
================================
12	211
================================
20	21
20	53
20	522
================================
31	42
================================
40	511
================================
50	51
50	52
50	53
50	53
50	54
50	62
50	512
50	522
================================
60	51
60	52
60	53
60	56
60	56
60	57
60	57
60	61
================================
63	61
================================
70	54
70	55
70	56
70	57
70	58
70	58
================================
71	55
71	56
================================
73	57
================================
74	58
================================
203	21
================================
530	54
================================
730	54
================================
740	58
